A. 01979989999199999111999. χχχῑ

⁵⁴3 '0- ὁὸ ’8 8 , Entspre-
1' Γ 0 0 ὓ Φ · u ιῘθΓΘΠΙῙῧι ehende Ho-
0 · ¹³* ²³ (LXX) ἱ 99994

“ 98

¹ „ 66
666v166v 891

9 2, 1 9 849 ’

626611611 89

9999999999· 89 99 ⁵⁷6
6113 ‚‚ ‚‚ 98 6 36
9999 ,, ,, 89 98 999
xv 2931163r 66 941 99
xv1 266v ,, 99 991 991
999999 ,, ,, 99 991989
999999, ,, ,, 99 99 94
99999, , ,, 94 98 99
99999944 9989 99 99 99
99999Ι ,, 99 99 99
9999 9949 ,, 99 99, 98
9999999 9999 9944 98 99Ι 99
9499999999 9949 99 9991 999

166 998 9991

ΧΧἺ,

„ ,, 1 9
9999919999 9999 161 1116 1114

XXVII ,‚ ,, 103 196 103
9 1 [104 107 104
ΧΧ1ΙΙΙ19 ,, ,, 105 108 105
XXIX! ,‚ ,, 106 109 106
XXX‚266v ,, 107 110 107ὶ

9894 99999899
99 98, 99 9999184
989 9999989
989 9999989
9899 99999898
9899 999988
9899 99999989
9899 999999, 99
99999899
988 ΧΧΛ
989 ‚ XX,8
99, 9899 9 99989
9 9998

9

1122, 14471

9
99, 94-999
9899 1
99, 99. 991
98 99. 94,
9894 ‘
989899
989899
9 23, 30
Ι94, 9-8
989
99, 94

199, 94-99

27, 16
27, 16
27, 16]
27, 17
27, 17-19

ἶ 99, 98 9989999999

 

