312 1111111816 1, 6, 7. Stellemegister. 86111139,

1111111 1611111111

mmm ΙΜΜΒ Μπᾞμ Η ,1,1
11 15 . . 9,17 13, 33, 116, 16 268, 16

1, 6,7, ΙΙ 366 411.19. ,,1161313,371111,161.136,17.
3,1..,.,13,1111,,18 .,,,149,18133,4
3,161 136, 3134 .157, 1 11, 29 ..... 941613373813111, 16111
sww91mwnwssmumonfflsswnnw
3,111143,8,,1316Ι113117 Ι16616 1611118
10. 11, 31, .,,97 10 1411. .101‚ 1416
3,,16Ρ11,, , 191, 111. 11, 36, 37: 46,13,197414,11.13, 13
4,4. ,..11,1411,,4441,Ι,169;ζ16141317,,.1697-1ο
4,18, ,131,13131731411414 ..... 1311
.11111.1111Ή16 ΜΜΜ
41916..,131,811,13,.13,,1641814,43..,,161,6
4,11..,,131,11,,1311Ρ11,,, 1199131111 1611
52¹·m·8m.MQM0008m788 ww
3,3.8,31.,81331183,16131,33ο..1411141333. ,,ΙΙ1633
3 4 183,13Ι11516131 ....13, 111363. 33, ,111,111.
5Λ1ΜΗΨ5111 ·19ffwm·0wmm
141, 1336. ,16113 131,
,,183,,,131346, ,,,61161346,,.,,176,1

 

g... 185 13 13, 47. ..156, 11 16,16-18Ρ11, , 169, 311,
,1,...1111111Ι 888888:888
111 79, 9 1337.. , 11, 916, 38, ,111,16.117,13
1 ...,Ι114, 313, 71 , ,Ξ13177 316,41, . , . Ι161, 1
23: 175, 91118 11369,Ῑὲ ξ, 3⁸¹13711339.2342‚ ἐξ 22:32. 414814
3347, ,41, 1. 31, 1314. .,Ι171 16 18,16164,11Ι166,11,178,
ἐξ ·”8888Η1381 8
1,,κ179 11 16,17, . . 191111, um„
9. 16138, 711 12124138. 16Ξ ZQJ' 149, 20. 244416 1, 17. ,148, 11
36,,,311484 17,1Ρ11, ...133,,.16419 ...4117
Η3319,,1,18818 179 9816418 4136 43 6
,148, 1 17, 16· 98,18,11,1ΙΙ119,17 3,16, ,,148 171.

1?
1
1

5
5
5
5
5
54
5
5
534
5
54
6,
6,
6,
6,14
72

7, 7 ,,3611 18, 41 . ,ΙΙ163, 16 3, 16Ρ11, , . 1,89, 13
Πζὲᾙὲμω8ξ 48ᾕ1··818
7,14113,16.111,11,186,18,11.13, 11111 9,.33, ,,39 18

12.17,13.17. 18, 20. . . . 16111 9, 43 . 1,76, 1

7,17,,,,Ι166,418,34,,,,,194,813,16,, 1,631
7.18 . . . . ,1831813 3. . , , 77,111,13,33, . . ,Ι161, 4
712123· . . . 7, 9141411111, , Ι173, 13 141215. . ,1641417
zn-meQQffimn 19quss ·Qw
41416... 1314111816 , .194161434, ,111,16.117,13
812·9311o1,1186,1920,16. , 16,1.194,1814,38,,Ι161, 1
811... ,,1,,,49161618111,, 169,,3ο1

9,2.... ...1,3723201819

9,11 . 148, 22. 293, 12 21, 43· 7416, 11611181.
9NJw·mnm28mmm 1ss Η14
9,37 ,,,,, 1361611111 . ,,,13811144, ,,1911
9.3.8 ,43 811,·3,1Ρ1167,14.68, 311316111418114,
1116111 , 141, 1318 23, 8..9 .,971 27. 30.

10, 28 . . 196, 311, 13, 13. .,116 11 3, 8. .1,7 18
1ο, 19 ΙΙ 168 13 13,14-,19 34 111111, 3, 91 136, 3134, 137,1
mu 1111 ··wmsssmw

 

