’ 12323 11113 ’

1'
XXXIII ,, 110
XXXIV ,, 1111

113 1101

XXXV 3013167Υ 112 ’14 ¹¹¹

XXXVI ,, 1131116 113
XXXVII ‚, 1141117 114
XXXVIII ,‚ ‚‚ 1151 113 115

„ 115 333333 ¹
1·

117 120 117
118 121 118

120 123 120
121 124 121

98

111111313ἶ2411511323 ’1311111

1126 ’141 11
127’ 75 72
128 76 73

’1129 77 1
781741Ι

113333133133
1111, 131

111133131333132
1171,

33 33Ι
33 33,
333 31

LV 3113 331 32 33
331,133 331 3311
1111,’ 333 311331
111114313333131 333 33 311
LIX 319 33331 133 333

111133331333333 331

33 , ,4111131
11111,111 331 334
1111143233 4333 3121 33 331
1111,,3213,13331131 331 331

115 1121

331

’ 1 27 28 ΧΧΙ,6
27, 29 ΧΧ1,6
27, 29-82 ΧΧΙ,6
233 XXIIII
1 237 1ΧΙΙ,-.931311Ι
,1233-13111132
1281112
’,2817-20
128 2124
’ 128, 25 261
28 27
1 1 28 29
28 30—33
13112- 17
33, 23
31, 26-281

,1364-01

333
33 23
3313322231
37,17.18
1332123211
339
' 331331 ·
3333
,,33 33- 33
133,33-23
1 33 23 21
Ξ 38 35 37,
13333 ,
I39,..101114.16
' 33 33 ,
1313 1
,131323

 

