314 IPetrus2, 1. Stellenregister. 11 Korin1he13,16.15.

'⁹⁰¹8‘ ¹3:235231112833331213 ·· ..1111ἔέ
4,9 449 34· 33· 4·96, 9 40 3 49· 64, 49
,1999,8“933. 496444974449,.. .84,8
·· 4.·2969491494 . 11444 4343 ·444,49
...44,,-8.96466 ,, ,,,.4534749 ,59,96,3ο

,,499 744, 9. ,. 3,5, 44,.45 ,,411969
,,.,44,961443. .12..275435. ,47,37
5,84 4439611943, 8. 943, 44, ,35 3 5 5 34149945 999, 44
4.,43944· 4423 341¹ 33, 336 ·11499,3

3,8·9 46141444444394445434 29949

; 482 93 Ι31·4ο3,,9114343 8 2 · 22 143311·

”Petrus 1 14. 6, 9,364 486, 29. 181, 4
44,44.4953448119611646,.,. 98 4

...986844,.4748,19ο9,981.6,4.7 8,5,46

44, 47, 24. .101, 3611, 9, 1·.5? ,6,9 7

419141101 Ι4,4 20. 94 . ,493 47 9. 5. :1188 25

14394. 2.8,13.85,8927.....188,27

, . . , 49 49144, 94,94 ,78 4611, 10,4: 43445, 46351967,
. 466, 19. 115, 49 44, 21. 24. 48 96, 44-45 28. 944, 96.

11945 44144, 994 96, 15. 456, 9711. 46, 44. , , ,,89 96

,,11767 119943 10161....169‚31
. , ..1,36 49 44,95. 11954, 43975, 9 46, 47 1 94994 94943, 3
..,.49,11.4,,,1.944959699363496443. ..197747
1,7,,988 44 95 87 5611
i11, 26. 95.. ,,35 811, 44, 97. ,199394
144, 28. ,11969 34 49, 8.9, . 66 99
,. 9,44 29. 1,978, 49 49, 11. .. ,1977, 5
, 1996341914. ,,196311,.9434 ..79736
,, .1,08 81215 ,1936,,59433 ..196396
ι1255 20 15219 ·95 9 13 9· 611711· 2964 ²3
1194694 45, 96, . , ,95 10 13,12. . . 56, 49
.26, 18. 483, 44 46, 96 11943, 29. 954, 3411, 43, 43. . . 48, 3
,1,,9954111 44,4,.,.993,9,46
2,483141444444443344 ι42 14· · ·4942 49
,,449 18'14,1.5 , , ,1963 97
. ·....7,,44549663961981194844443 ,,,7,46
9,94,,. ,1,,.96846494 ,,.,547696 43 48. ,4439711
9, 23. 38 11. 97, 94 4 ,95, 69, 916 33, 47, 941. 15, 22. 5,.6 9811,
9, 941, ,98,4 28. 63, 4. 15, 23. . .,61 4
9,98,, 9,251,·2528. ..44645611 45,,94 1154996343
9, 99. ,99, 97 1, 30. 94. ,,65711 .,15 26. ,1944,38
3, 9 , . , . ,446 959, 4. {311'228 441, 45, 44. , ..1968, 481.
3,95.,,.,466,489,.6 ,.,,,98464549.11968,96
4,11.. 11965 469 7 9949 4549 47 434 57 47
5, 5. 4221.. 44 965, 47 2,8: 62, 16. 469, 4711973, 99. 58, 911, 10. 443, 99
56 . . 4,45, 94 24. 1968, 14. 947, 15.
6 9844 ,439471 . 475 44 37 45 55 1,1995,96
ἱ.,.,ἶ356479,93. 2,.521043 .. 2.94,11
54 9719 14. ,85 99
,, 39513, 9 , . ,11963 5 14891411101
89, 4913 6 . ,43 9
. 487, 48199 24',:39 43 9811963 14. 99314, 4 . . . , , 4434
54, 97 8 939 49. 46. ’119 9 , ,48,6 ..5193396
Ῑ··33,,·43349· ’,1,Ῑ··64414341448 4·94,9
,1189048 43, 451. 3, 11. 494 75911963 45 3, 10 . . . , , 8,2
55 45 80,.8,318 99 47-,94 31.3 38, 28.
,98,,376,95.,-,34313 . 438511343 46 :,381824.27
,.,,19769534943969114849 3,.4-547 ,1976,44
·3· 2414 3, 43 15· 494, 48 3, 46· 43 31.19ff·

Ξ

ιοὶοθθφοοφ.ω,ῗ”- .- -.
-.-.

 

